45 1575623972 1,600000 -1,000000 -101,000000 0,000000 0,000000
45 1575623973 1,600000 -1,000000 -101,000000 0,000000 0,000000
45 1575623974 1,600000 -1,000000 -101,000000 0,000000 0,000000
48 1575623972 0,400000 -1,000000 -101,000000 0,000000 0,000000
48 1575623973 0,400000 -1,000000 -101,000000 0,000000 0,000000
48 1575623974 0,400000 -1,000000 -101,000000 0,000000 0,000000
45 1575623975 1,600000 -1,000000 -101,000000 0,000000 0,000000
45 1575623976 1,600000 -1,000000 -101,000000 0,000000 0,000000
45 1575623977 0,200000 -1,000000 -101,000000 0,000000 0,000000
45 1575623978 0,200000 -1,000000 -101,000000 0,000000 0,000000
45 1575623979 0,200000 -1,000000 -101,000000 0,000000 0,000000
45 1575623980 0,200000 -1,000000 -101,000000 0,000000 0,000000
45 1575623981 0,200000 -1,000000 -101,000000 0,000000 0,000000
45 1575624032 0,200000 -1,000000 -101,000000 0,000000 0,000000
45 1575624033 0,200000 -1,000000 -101,000000 0,000000 0,000000
45 1575624034 0,200000 -1,000000 -101,000000 0,000000 0,000000
48 1575623975 0,400000 -1,000000 -101,000000 0,000000 0,000000
48 1575623976 0,400000 -1,000000 -101,000000 0,000000 0,000000
48 1575623977 0,200000 -1,000000 -101,000000 0,000000 0,000000
48 1575623978 0,200000 -1,000000 -101,000000 0,000000 0,000000
48 1575623979 0,200000 -1,000000 -101,000000 0,000000 0,000000
48 1575623980 0,200000 -1,000000 -101,000000 0,000000 0,000000
48 1575623981 0,200000 -1,000000 -101,000000 0,000000 0,000000
48 1575624032 0,200000 -1,000000 -101,000000 0,000000 0,000000
48 1575624033 0,200000 -1,000000 -101,000000 0,000000 0,000000
48 1575624034 0,200000 -1,000000 -101,000000 0,000000 0,000000
45 1575624035 0,200000 -1,000000 -101,000000 0,000000 0,000000
45 1575624036 0,200000 -1,000000 -101,000000 0,000000 0,000000
48 1575624035 0,200000 -1,000000 -101,000000 0,000000 0,000000
48 1575624036 0,200000 -1,000000 -101,000000 0,000000 0,000000
45 1575624092 1,600000 -1,000000 -101,000000 0,000000 0,000000
45 1575624093 1,600000 -1,000000 -101,000000 0,000000 0,000000
45 1575624094 1,600000 -1,000000 -101,000000 0,000000 0,000000
45 1575624095 1,600000 -1,000000 -101,000000 0,000000 0,000000
45 1575624096 1,600000 -1,000000 -101,000000 0,000000 0,000000
45 1575624097 0,200000 -1,000000 -101,000000 0,000000 0,000000
45 1575624098 0,200000 -1,000000 -101,000000 0,000000 0,000000
45 1575624099 0,200000 -1,000000 -101,000000 0,000000 0,000000
45 1575624100 0,200000 -1,000000 -101,000000 0,000000 0,000000
45 1575624101 0,200000 -1,000000 -101,000000 0,000000 0,000000
45 1575624147 0,200000 -1,000000 -101,000000 0,000000 0,000000
45 1575624148 0,200000 -1,000000 -101,000000 0,000000 0,000000
45 1575624149 0,200000 -1,000000 -101,000000 0,000000 0,000000
45 1575624150 0,200000 -1,000000 -101,000000 0,000000 0,000000
45 1575624151 0,200000 -1,000000 -101,000000 0,000000 0,000000
48 1575624092 1,600000 -1,000000 -101,000000 0,000000 0,000000
48 1575624093 1,600000 -1,000000 -101,000000 0,000000 0,000000
48 1575624094 1,600000 -1,000000 -101,000000 0,000000 0,000000
48 1575624095 1,600000 -1,000000 -101,000000 0,000000 0,000000
48 1575624096 1,600000 -1,000000 -101,000000 0,000000 0,000000
48 1575624097 0,200000 -1,000000 -101,000000 0,000000 0,000000
48 1575624098 0,200000 -1,000000 -101,000000 0,000000 0,000000
48 1575624099 0,200000 -1,000000 -101,000000 0,000000 0,000000
48 1575624100 0,200000 -1,000000 -101,000000 0,000000 0,000000
48 1575624101 0,200000 -1,000000 -101,000000 0,000000 0,000000
48 1575624147 0,200000 -1,000000 -101,000000 0,000000 0,000000
48 1575624148 0,200000 -1,000000 -101,000000 0,000000 0,000000
48 1575624149 0,200000 -1,000000 -101,000000 0,000000 0,000000
48 1575624150 0,200000 -1,000000 -101,000000 0,000000 0,000000
48 1575624151 0,200000 -1,000000 -101,000000 0,000000 0,000000
45 1575624212 1,600000 -1,000000 -101,000000 0,000000 0,000000
45 1575624213 1,600000 -1,000000 -101,000000 0,000000 0,000000
45 1575624214 1,600000 -1,000000 -101,000000 0,000000 0,000000
45 1575624215 1,600000 -1,000000 -101,000000 0,000000 0,000000
45 1575624216 1,600000 -1,000000 -101,000000 0,000000 0,000000
45 1575624217 0,200000 -1,000000 -101,000000 0,000000 0,000000
45 1575624218 0,200000 -1,000000 -101,000000 0,000000 0,000000
45 1575624219 0,200000 -1,000000 -101,000000 0,000000 0,000000
45 1575624220 0,200000 -1,000000 -101,000000 0,000000 0,000000
45 1575624221 0,200000 -1,000000 -101,000000 0,000000 0,000000
48 1575624212 1,600000 -1,000000 -101,000000 0,000000 0,000000
48 1575624213 1,600000 -1,000000 -101,000000 0,000000 0,000000
48 1575624214 1,600000 -1,000000 -101,000000 0,000000 0,000000
48 1575624215 1,600000 -1,000000 -101,000000 0,000000 0,000000
48 1575624216 1,600000 -1,000000 -101,000000 0,000000 0,000000
48 1575624217 0,200000 -1,000000 -101,000000 0,000000 0,000000
48 1575624218 0,200000 -1,000000 -101,000000 0,000000 0,000000
48 1575624219 0,200000 -1,000000 -101,000000 0,000000 0,000000
48 1575624220 0,200000 -1,000000 -101,000000 0,000000 0,000000
48 1575624221 0,200000 -1,000000 -101,000000 0,000000 0,000000
45 1575624332 1,600000 -1,000000 -101,000000 0,000000 0,000000
45 1575624333 1,600000 -1,000000 -101,000000 0,000000 0,000000
45 1575624334 1,600000 -1,000000 -101,000000 0,000000 0,000000
48 1575624332 1,600000 -1,000000 -101,000000 0,000000 0,000000
48 1575624333 1,600000 -1,000000 -101,000000 0,000000 0,000000
48 1575624334 1,600000 -1,000000 -101,000000 0,000000 0,000000
45 1575624335 1,600000 -1,000000 -101,000000 0,000000 0,000000
45 1575624336 1,600000 -1,000000 -101,000000 0,000000 0,000000
45 1575624337 0,200000 -1,000000 -101,000000 0,000000 0,000000
45 1575624338 0,200000 -1,000000 -101,000000 0,000000 0,000000
45 1575624339 0,200000 -1,000000 -101,000000 0,000000 0,000000
45 1575624340 0,200000 -1,000000 -101,000000 0,000000 0,000000
45 1575624341 0,200000 -1,000000 -101,000000 0,000000 0,000000
45 1575624392 0,200000 -1,000000 -101,000000 0,000000 0,000000
45 1575624393 0,200000 -1,000000 -101,000000 0,000000 0,000000
45 1575624394 0,200000 -1,000000 -101,000000 0,000000 0,000000
48 1575624335 1,600000 -1,000000 -101,000000 0,000000 0,000000
48 1575624336 1,600000 -1,000000 -101,000000 0,000000 0,000000
48 1575624337 0,200000 -1,000000 -101,000000 0,000000 0,000000
48 1575624338 0,200000 -1,000000 -101,000000 0,000000 0,000000
48 1575624339 0,200000 -1,000000 -101,000000 0,000000 0,000000
48 1575624340 0,200000 -1,000000 -101,000000 0,000000 0,000000
48 1575624341 0,200000 -1,000000 -101,000000 0,000000 0,000000
48 1575624347 0,200000 -1,000000 -101,000000 0,000000 0,000000
48 1575624348 0,200000 -1,000000 -101,000000 0,000000 0,000000
48 1575624349 0,200000 -1,000000 -101,000000 0,000000 0,000000
48 1575624350 0,200000 -1,000000 -101,000000 0,000000 0,000000
48 1575624351 0,200000 -1,000000 -101,000000 0,000000 0,000000
48 1575624392 0,200000 -1,000000 -101,000000 0,000000 0,000000
48 1575624393 0,200000 -1,000000 -101,000000 0,000000 0,000000
48 1575624394 0,200000 -1,000000 -101,000000 0,000000 0,000000
45 1575624395 0,200000 -1,000000 -101,000000 0,000000 0,000000
45 1575624396 0,200000 -1,000000 -101,000000 0,000000 0,000000
48 1575624395 0,200000 -1,000000 -101,000000 0,000000 0,000000
48 1575624396 0,200000 -1,000000 -101,000000 0,000000 0,000000
48 1575624461 0,200000 -1,000000 0,200000 0,200000 0,000000
48 1575624460 0,200000 -1,000000 0,200000 0,200000 0,000000
48 1575624459 0,200000 -1,000000 0,200000 0,200000 0,000000
48 1575624458 0,200000 -1,000000 0,200000 0,200000 0,000000
48 1575624457 0,200000 -1,000000 0,200000 0,200000 0,000000
48 1575624456 1,400000 -1,000000 1,400000 1,400000 0,000000
48 1575624455 1,400000 -1,000000 1,400000 1,400000 0,000000
48 1575624454 1,400000 -1,000000 1,400000 1,400000 0,000000
48 1575624453 1,400000 -1,000000 1,400000 1,400000 0,000000
48 1575624452 1,400000 -1,000000 1,400000 1,400000 0,000000
45 1575624461 0,200000 -1,000000 0,200000 0,200000 0,000000
45 1575624460 0,200000 -1,000000 0,200000 0,200000 0,000000
45 1575624459 0,200000 -1,000000 0,200000 0,200000 0,000000
45 1575624458 0,200000 -1,000000 0,200000 0,200000 0,000000
45 1575624457 0,200000 -1,000000 0,200000 0,200000 0,000000
45 1575624456 1,600000 -1,000000 1,600000 1,600000 0,000000
45 1575624455 1,600000 -1,000000 1,600000 1,600000 0,000000
45 1575624454 1,600000 -1,000000 1,600000 1,600000 0,000000
45 1575624453 1,600000 -1,000000 1,600000 1,600000 0,000000
45 1575624452 1,600000 -1,000000 1,600000 1,600000 0,000000
45 1575624452 1,600000 -1,000000 -101,000000 0,000000 0,000000
45 1575624453 1,600000 -1,000000 -101,000000 0,000000 0,000000
45 1575624454 1,600000 -1,000000 -101,000000 0,000000 0,000000
45 1575624455 1,600000 -1,000000 -101,000000 0,000000 0,000000
45 1575624456 1,600000 -1,000000 -101,000000 0,000000 0,000000
45 1575624457 0,200000 -1,000000 -101,000000 0,000000 0,000000
45 1575624458 0,200000 -1,000000 -101,000000 0,000000 0,000000
45 1575624459 0,200000 -1,000000 -101,000000 0,000000 0,000000
45 1575624460 0,200000 -1,000000 -101,000000 0,000000 0,000000
45 1575624461 0,200000 -1,000000 -101,000000 0,000000 0,000000
48 1575624452 1,400000 -1,000000 -101,000000 0,000000 0,000000
48 1575624453 1,400000 -1,000000 -101,000000 0,000000 0,000000
48 1575624454 1,400000 -1,000000 -101,000000 0,000000 0,000000
48 1575624455 1,400000 -1,000000 -101,000000 0,000000 0,000000
48 1575624456 1,400000 -1,000000 -101,000000 0,000000 0,000000
48 1575624457 0,200000 -1,000000 -101,000000 0,000000 0,000000
48 1575624458 0,200000 -1,000000 -101,000000 0,000000 0,000000
48 1575624459 0,200000 -1,000000 -101,000000 0,000000 0,000000
48 1575624460 0,200000 -1,000000 -101,000000 0,000000 0,000000
48 1575624461 0,200000 -1,000000 -101,000000 0,000000 0,000000
45 1575624572 1,600000 -1,000000 -101,000000 0,000000 0,000000
45 1575624573 1,600000 -1,000000 -101,000000 0,000000 0,000000
45 1575624574 1,600000 -1,000000 -101,000000 0,000000 0,000000
45 1575624575 1,600000 -1,000000 -101,000000 0,000000 0,000000
45 1575624576 1,600000 -1,000000 -101,000000 0,000000 0,000000
45 1575624577 0,200000 -1,000000 -101,000000 0,000000 0,000000
45 1575624578 0,200000 -1,000000 -101,000000 0,000000 0,000000
45 1575624579 0,200000 -1,000000 -101,000000 0,000000 0,000000
45 1575624580 0,200000 -1,000000 -101,000000 0,000000 0,000000
45 1575624581 0,200000 -1,000000 -101,000000 0,000000 0,000000
45 1575624627 0,200000 -1,000000 -101,000000 0,000000 0,000000
45 1575624628 0,200000 -1,000000 -101,000000 0,000000 0,000000
45 1575624629 0,200000 -1,000000 -101,000000 0,000000 0,000000
45 1575624630 0,200000 -1,000000 -101,000000 0,000000 0,000000
45 1575624631 0,200000 -1,000000 -101,000000 0,000000 0,000000
48 1575624572 1,600000 -1,000000 -101,000000 0,000000 0,000000
48 1575624573 1,600000 -1,000000 -101,000000 0,000000 0,000000
48 1575624574 1,600000 -1,000000 -101,000000 0,000000 0,000000
48 1575624575 1,600000 -1,000000 -101,000000 0,000000 0,000000
48 1575624576 1,600000 -1,000000 -101,000000 0,000000 0,000000
48 1575624577 0,200000 -1,000000 -101,000000 0,000000 0,000000
48 1575624578 0,200000 -1,000000 -101,000000 0,000000 0,000000
48 1575624579 0,200000 -1,000000 -101,000000 0,000000 0,000000
48 1575624580 0,200000 -1,000000 -101,000000 0,000000 0,000000
48 1575624581 0,200000 -1,000000 -101,000000 0,000000 0,000000
48 1575624587 0,200000 -1,000000 -101,000000 0,000000 0,000000
48 1575624588 0,200000 -1,000000 -101,000000 0,000000 0,000000
48 1575624589 0,200000 -1,000000 -101,000000 0,000000 0,000000
48 1575624590 0,200000 -1,000000 -101,000000 0,000000 0,000000
48 1575624591 0,200000 -1,000000 -101,000000 0,000000 0,000000
48 1575624627 0,200000 -1,000000 -101,000000 0,000000 0,000000
48 1575624628 0,200000 -1,000000 -101,000000 0,000000 0,000000
48 1575624629 0,200000 -1,000000 -101,000000 0,000000 0,000000
48 1575624630 0,200000 -1,000000 -101,000000 0,000000 0,000000
48 1575624631 0,200000 -1,000000 -101,000000 0,000000 0,000000
45 1575624692 1,600000 -1,000000 -101,000000 0,000000 0,000000
45 1575624693 1,600000 -1,000000 -101,000000 0,000000 0,000000
45 1575624694 1,600000 -1,000000 -101,000000 0,000000 0,000000
45 1575624695 1,600000 -1,000000 -101,000000 0,000000 0,000000
45 1575624696 1,600000 -1,000000 -101,000000 0,000000 0,000000
45 1575624697 0,200000 -1,000000 -101,000000 0,000000 0,000000
45 1575624698 0,200000 -1,000000 -101,000000 0,000000 0,000000
45 1575624699 0,200000 -1,000000 -101,000000 0,000000 0,000000
45 1575624700 0,200000 -1,000000 -101,000000 0,000000 0,000000
45 1575624701 0,200000 -1,000000 -101,000000 0,000000 0,000000
45 1575624747 0,200000 -1,000000 -101,000000 0,000000 0,000000
45 1575624748 0,200000 -1,000000 -101,000000 0,000000 0,000000
45 1575624749 0,200000 -1,000000 -101,000000 0,000000 0,000000
45 1575624750 0,200000 -1,000000 -101,000000 0,000000 0,000000
45 1575624751 0,200000 -1,000000 -101,000000 0,000000 0,000000
48 1575624692 1,400000 -1,000000 -101,000000 0,000000 0,000000
48 1575624693 1,400000 -1,000000 -101,000000 0,000000 0,000000
48 1575624694 1,400000 -1,000000 -101,000000 0,000000 0,000000
48 1575624695 1,400000 -1,000000 -101,000000 0,000000 0,000000
48 1575624696 1,400000 -1,000000 -101,000000 0,000000 0,000000
48 1575624697 0,200000 -1,000000 -101,000000 0,000000 0,000000
48 1575624698 0,200000 -1,000000 -101,000000 0,000000 0,000000
48 1575624699 0,200000 -1,000000 -101,000000 0,000000 0,000000
48 1575624700 0,200000 -1,000000 -101,000000 0,000000 0,000000
48 1575624701 0,200000 -1,000000 -101,000000 0,000000 0,000000
48 1575624747 0,200000 -1,000000 -101,000000 0,000000 0,000000
48 1575624748 0,200000 -1,000000 -101,000000 0,000000 0,000000
48 1575624749 0,200000 -1,000000 -101,000000 0,000000 0,000000
48 1575624750 0,200000 -1,000000 -101,000000 0,000000 0,000000
48 1575624751 0,200000 -1,000000 -101,000000 0,000000 0,000000
45 1575624812 1,600000 -1,000000 -101,000000 0,000000 0,000000
45 1575624813 1,600000 -1,000000 -101,000000 0,000000 0,000000
45 1575624814 1,600000 -1,000000 -101,000000 0,000000 0,000000
45 1575624815 1,600000 -1,000000 -101,000000 0,000000 0,000000
45 1575624816 1,600000 -1,000000 -101,000000 0,000000 0,000000
45 1575624817 0,200000 -1,000000 -101,000000 0,000000 0,000000
45 1575624818 0,200000 -1,000000 -101,000000 0,000000 0,000000
45 1575624819 0,200000 -1,000000 -101,000000 0,000000 0,000000
45 1575624820 0,200000 -1,000000 -101,000000 0,000000 0,000000
45 1575624821 0,200000 -1,000000 -101,000000 0,000000 0,000000
48 1575624812 1,600000 -1,000000 -101,000000 0,000000 0,000000
48 1575624813 1,600000 -1,000000 -101,000000 0,000000 0,000000
48 1575624814 1,600000 -1,000000 -101,000000 0,000000 0,000000
48 1575624815 1,600000 -1,000000 -101,000000 0,000000 0,000000
48 1575624816 1,600000 -1,000000 -101,000000 0,000000 0,000000
48 1575624817 0,200000 -1,000000 -101,000000 0,000000 0,000000
48 1575624818 0,200000 -1,000000 -101,000000 0,000000 0,000000
48 1575624819 0,200000 -1,000000 -101,000000 0,000000 0,000000
48 1575624820 0,200000 -1,000000 -101,000000 0,000000 0,000000
48 1575624821 0,200000 -1,000000 -101,000000 0,000000 0,000000
45 1575624932 1,600000 -1,000000 -101,000000 0,000000 0,000000
45 1575624933 1,600000 -1,000000 -101,000000 0,000000 0,000000
45 1575624934 1,600000 -1,000000 -101,000000 0,000000 0,000000
48 1575624932 1,600000 -1,000000 -101,000000 0,000000 0,000000
48 1575624933 1,600000 -1,000000 -101,000000 0,000000 0,000000
48 1575624934 1,600000 -1,000000 -101,000000 0,000000 0,000000
45 1575624935 1,600000 -1,000000 -101,000000 0,000000 0,000000
45 1575624936 1,600000 -1,000000 -101,000000 0,000000 0,000000
45 1575624937 0,200000 -1,000000 -101,000000 0,000000 0,000000
45 1575624938 0,200000 -1,000000 -101,000000 0,000000 0,000000
45 1575624939 0,200000 -1,000000 -101,000000 0,000000 0,000000
45 1575624940 0,200000 -1,000000 -101,000000 0,000000 0,000000
45 1575624941 0,200000 -1,000000 -101,000000 0,000000 0,000000
45 1575624992 0,200000 -1,000000 -101,000000 0,000000 0,000000
45 1575624993 0,200000 -1,000000 -101,000000 0,000000 0,000000
45 1575624994 0,200000 -1,000000 -101,000000 0,000000 0,000000
48 1575624935 1,600000 -1,000000 -101,000000 0,000000 0,000000
48 1575624936 1,600000 -1,000000 -101,000000 0,000000 0,000000
48 1575624937 0,200000 -1,000000 -101,000000 0,000000 0,000000
48 1575624938 0,200000 -1,000000 -101,000000 0,000000 0,000000
48 1575624939 0,200000 -1,000000 -101,000000 0,000000 0,000000
48 1575624940 0,200000 -1,000000 -101,000000 0,000000 0,000000
48 1575624941 0,200000 -1,000000 -101,000000 0,000000 0,000000
48 1575624992 0,200000 -1,000000 -101,000000 0,000000 0,000000
48 1575624993 0,200000 -1,000000 -101,000000 0,000000 0,000000
48 1575624994 0,200000 -1,000000 -101,000000 0,000000 0,000000
45 1575624995 0,200000 -1,000000 -101,000000 0,000000 0,000000
45 1575624996 0,200000 -1,000000 -101,000000 0,000000 0,000000
48 1575624995 0,200000 -1,000000 -101,000000 0,000000 0,000000
48 1575624996 0,200000 -1,000000 -101,000000 0,000000 0,000000
48 1575625111 0,200000 -1,000000 0,200000 0,200000 0,000000
48 1575625110 0,200000 -1,000000 0,200000 0,200000 0,000000
48 1575625109 0,200000 -1,000000 0,200000 0,200000 0,000000
48 1575625108 0,200000 -1,000000 0,200000 0,200000 0,000000
48 1575625107 0,200000 -1,000000 0,200000 0,200000 0,000000
48 1575625061 0,200000 -1,000000 0,200000 0,200000 0,000000
48 1575625060 0,200000 -1,000000 0,200000 0,200000 0,000000
48 1575625059 0,200000 -1,000000 0,200000 0,200000 0,000000
48 1575625058 0,200000 -1,000000 0,200000 0,200000 0,000000
48 1575625057 0,200000 -1,000000 0,200000 0,200000 0,000000
48 1575625056 1,600000 -1,000000 1,600000 1,600000 0,000000
48 1575625055 1,600000 -1,000000 1,600000 1,600000 0,000000
48 1575625054 1,600000 -1,000000 1,600000 1,600000 0,000000
48 1575625053 1,600000 -1,000000 1,600000 1,600000 0,000000
48 1575625052 1,600000 -1,000000 1,600000 1,600000 0,000000
45 1575625111 0,200000 -1,000000 0,200000 0,200000 0,000000
45 1575625110 0,200000 -1,000000 0,200000 0,200000 0,000000
45 1575625109 0,200000 -1,000000 0,200000 0,200000 0,000000
45 1575625108 0,200000 -1,000000 0,200000 0,200000 0,000000
45 1575625107 0,200000 -1,000000 0,200000 0,200000 0,000000
45 1575625061 0,200000 -1,000000 0,200000 0,200000 0,000000
45 1575625060 0,200000 -1,000000 0,200000 0,200000 0,000000
45 1575625059 0,200000 -1,000000 0,200000 0,200000 0,000000
45 1575625058 0,200000 -1,000000 0,200000 0,200000 0,000000
45 1575625057 0,200000 -1,000000 0,200000 0,200000 0,000000
45 1575625056 1,600000 -1,000000 1,600000 1,600000 0,000000
45 1575625055 1,600000 -1,000000 1,600000 1,600000 0,000000
45 1575625054 1,600000 -1,000000 1,600000 1,600000 0,000000
45 1575625053 1,600000 -1,000000 1,600000 1,600000 0,000000
45 1575625052 1,600000 -1,000000 1,600000 1,600000 0,000000
45 1575625052 1,600000 -1,000000 -101,000000 0,000000 0,000000
45 1575625053 1,600000 -1,000000 -101,000000 0,000000 0,000000
45 1575625054 1,600000 -1,000000 -101,000000 0,000000 0,000000
45 1575625055 1,600000 -1,000000 -101,000000 0,000000 0,000000
45 1575625056 1,600000 -1,000000 -101,000000 0,000000 0,000000
45 1575625057 0,200000 -1,000000 -101,000000 0,000000 0,000000
45 1575625058 0,200000 -1,000000 -101,000000 0,000000 0,000000
45 1575625059 0,200000 -1,000000 -101,000000 0,000000 0,000000
45 1575625060 0,200000 -1,000000 -101,000000 0,000000 0,000000
45 1575625061 0,200000 -1,000000 -101,000000 0,000000 0,000000
45 1575625107 0,200000 -1,000000 -101,000000 0,000000 0,000000
45 1575625108 0,200000 -1,000000 -101,000000 0,000000 0,000000
45 1575625109 0,200000 -1,000000 -101,000000 0,000000 0,000000
45 1575625110 0,200000 -1,000000 -101,000000 0,000000 0,000000
45 1575625111 0,200000 -1,000000 -101,000000 0,000000 0,000000
48 1575625052 1,600000 -1,000000 -101,000000 0,000000 0,000000
48 1575625053 1,600000 -1,000000 -101,000000 0,000000 0,000000
48 1575625054 1,600000 -1,000000 -101,000000 0,000000 0,000000
48 1575625055 1,600000 -1,000000 -101,000000 0,000000 0,000000
48 1575625056 1,600000 -1,000000 -101,000000 0,000000 0,000000
48 1575625057 0,200000 -1,000000 -101,000000 0,000000 0,000000
48 1575625058 0,200000 -1,000000 -101,000000 0,000000 0,000000
48 1575625059 0,200000 -1,000000 -101,000000 0,000000 0,000000
48 1575625060 0,200000 -1,000000 -101,000000 0,000000 0,000000
48 1575625061 0,200000 -1,000000 -101,000000 0,000000 0,000000
48 1575625107 0,200000 -1,000000 -101,000000 0,000000 0,000000
48 1575625108 0,200000 -1,000000 -101,000000 0,000000 0,000000
48 1575625109 0,200000 -1,000000 -101,000000 0,000000 0,000000
48 1575625110 0,200000 -1,000000 -101,000000 0,000000 0,000000
48 1575625111 0,200000 -1,000000 -101,000000 0,000000 0,000000
45 1575625172 1,600000 -1,000000 -101,000000 0,000000 0,000000
45 1575625173 1,600000 -1,000000 -101,000000 0,000000 0,000000
45 1575625174 1,600000 -1,000000 -101,000000 0,000000 0,000000
48 1575625172 1,600000 -1,000000 -101,000000 0,000000 0,000000
48 1575625173 1,600000 -1,000000 -101,000000 0,000000 0,000000
48 1575625174 1,600000 -1,000000 -101,000000 0,000000 0,000000
45 1575625175 1,600000 -1,000000 -101,000000 0,000000 0,000000
45 1575625176 1,600000 -1,000000 -101,000000 0,000000 0,000000
45 1575625177 0,200000 -1,000000 -101,000000 0,000000 0,000000
45 1575625178 0,200000 -1,000000 -101,000000 0,000000 0,000000
45 1575625179 0,200000 -1,000000 -101,000000 0,000000 0,000000
45 1575625180 0,200000 -1,000000 -101,000000 0,000000 0,000000
45 1575625181 0,200000 -1,000000 -101,000000 0,000000 0,000000
45 1575625232 0,200000 -1,000000 -101,000000 0,000000 0,000000
45 1575625233 0,200000 -1,000000 -101,000000 0,000000 0,000000
45 1575625234 0,200000 -1,000000 -101,000000 0,000000 0,000000
48 1575625175 1,600000 -1,000000 -101,000000 0,000000 0,000000
48 1575625176 1,600000 -1,000000 -101,000000 0,000000 0,000000
48 1575625177 0,200000 -1,000000 -101,000000 0,000000 0,000000
48 1575625178 0,200000 -1,000000 -101,000000 0,000000 0,000000
48 1575625179 0,200000 -1,000000 -101,000000 0,000000 0,000000
48 1575625180 0,200000 -1,000000 -101,000000 0,000000 0,000000
48 1575625181 0,200000 -1,000000 -101,000000 0,000000 0,000000
48 1575625232 0,200000 -1,000000 -101,000000 0,000000 0,000000
48 1575625233 0,200000 -1,000000 -101,000000 0,000000 0,000000
48 1575625234 0,200000 -1,000000 -101,000000 0,000000 0,000000
45 1575625235 0,200000 -1,000000 -101,000000 0,000000 0,000000
45 1575625236 0,200000 -1,000000 -101,000000 0,000000 0,000000
48 1575625235 0,200000 -1,000000 -101,000000 0,000000 0,000000
48 1575625236 0,200000 -1,000000 -101,000000 0,000000 0,000000
45 1575625292 1,600000 -1,000000 -101,000000 0,000000 0,000000
45 1575625293 1,600000 -1,000000 -101,000000 0,000000 0,000000
45 1575625294 1,600000 -1,000000 -101,000000 0,000000 0,000000
45 1575625295 1,600000 -1,000000 -101,000000 0,000000 0,000000
45 1575625296 1,600000 -1,000000 -101,000000 0,000000 0,000000
45 1575625297 0,200000 -1,000000 -101,000000 0,000000 0,000000
45 1575625298 0,200000 -1,000000 -101,000000 0,000000 0,000000
45 1575625299 0,200000 -1,000000 -101,000000 0,000000 0,000000
45 1575625300 0,200000 -1,000000 -101,000000 0,000000 0,000000
45 1575625301 0,200000 -1,000000 -101,000000 0,000000 0,000000
45 1575625347 0,200000 -1,000000 -101,000000 0,000000 0,000000
45 1575625348 0,200000 -1,000000 -101,000000 0,000000 0,000000
45 1575625349 0,200000 -1,000000 -101,000000 0,000000 0,000000
45 1575625350 0,200000 -1,000000 -101,000000 0,000000 0,000000
45 1575625351 0,200000 -1,000000 -101,000000 0,000000 0,000000
48 1575625292 1,600000 -1,000000 -101,000000 0,000000 0,000000
48 1575625293 1,600000 -1,000000 -101,000000 0,000000 0,000000
48 1575625294 1,600000 -1,000000 -101,000000 0,000000 0,000000
48 1575625295 1,600000 -1,000000 -101,000000 0,000000 0,000000
48 1575625296 1,600000 -1,000000 -101,000000 0,000000 0,000000
48 1575625297 0,200000 -1,000000 -101,000000 0,000000 0,000000
48 1575625298 0,200000 -1,000000 -101,000000 0,000000 0,000000
48 1575625299 0,200000 -1,000000 -101,000000 0,000000 0,000000
48 1575625300 0,200000 -1,000000 -101,000000 0,000000 0,000000
48 1575625301 0,200000 -1,000000 -101,000000 0,000000 0,000000
48 1575625347 0,200000 -1,000000 -101,000000 0,000000 0,000000
48 1575625348 0,200000 -1,000000 -101,000000 0,000000 0,000000
48 1575625349 0,200000 -1,000000 -101,000000 0,000000 0,000000
48 1575625350 0,200000 -1,000000 -101,000000 0,000000 0,000000
48 1575625351 0,200000 -1,000000 -101,000000 0,000000 0,000000
45 1575625412 1,600000 -1,000000 -101,000000 0,000000 0,000000
45 1575625413 1,600000 -1,000000 -101,000000 0,000000 0,000000
45 1575625414 1,600000 -1,000000 -101,000000 0,000000 0,000000
45 1575625415 1,600000 -1,000000 -101,000000 0,000000 0,000000
45 1575625416 1,600000 -1,000000 -101,000000 0,000000 0,000000
45 1575625417 0,200000 -1,000000 -101,000000 0,000000 0,000000
45 1575625418 0,200000 -1,000000 -101,000000 0,000000 0,000000
45 1575625419 0,200000 -1,000000 -101,000000 0,000000 0,000000
45 1575625420 0,200000 -1,000000 -101,000000 0,000000 0,000000
45 1575625421 0,200000 -1,000000 -101,000000 0,000000 0,000000
45 1575625467 0,200000 -1,000000 -101,000000 0,000000 0,000000
45 1575625468 0,200000 -1,000000 -101,000000 0,000000 0,000000
45 1575625469 0,200000 -1,000000 -101,000000 0,000000 0,000000
45 1575625470 0,200000 -1,000000 -101,000000 0,000000 0,000000
45 1575625471 0,200000 -1,000000 -101,000000 0,000000 0,000000
48 1575625412 1,600000 -1,000000 -101,000000 0,000000 0,000000
48 1575625413 1,600000 -1,000000 -101,000000 0,000000 0,000000
48 1575625414 1,600000 -1,000000 -101,000000 0,000000 0,000000
48 1575625415 1,600000 -1,000000 -101,000000 0,000000 0,000000
48 1575625416 1,600000 -1,000000 -101,000000 0,000000 0,000000
48 1575625417 0,200000 -1,000000 -101,000000 0,000000 0,000000
48 1575625418 0,200000 -1,000000 -101,000000 0,000000 0,000000
48 1575625419 0,200000 -1,000000 -101,000000 0,000000 0,000000
48 1575625420 0,200000 -1,000000 -101,000000 0,000000 0,000000
48 1575625421 0,200000 -1,000000 -101,000000 0,000000 0,000000
48 1575625467 0,200000 -1,000000 -101,000000 0,000000 0,000000
48 1575625468 0,200000 -1,000000 -101,000000 0,000000 0,000000
48 1575625469 0,200000 -1,000000 -101,000000 0,000000 0,000000
48 1575625470 0,200000 -1,000000 -101,000000 0,000000 0,000000
48 1575625471 0,200000 -1,000000 -101,000000 0,000000 0,000000
45 1575625532 1,600000 -1,000000 -101,000000 0,000000 0,000000
45 1575625533 1,600000 -1,000000 -101,000000 0,000000 0,000000
45 1575625534 1,600000 -1,000000 -101,000000 0,000000 0,000000
45 1575625535 1,600000 -1,000000 -101,000000 0,000000 0,000000
45 1575625536 1,600000 -1,000000 -101,000000 0,000000 0,000000
45 1575625537 0,200000 -1,000000 -101,000000 0,000000 0,000000
45 1575625538 0,200000 -1,000000 -101,000000 0,000000 0,000000
45 1575625539 0,200000 -1,000000 -101,000000 0,000000 0,000000
45 1575625540 0,200000 -1,000000 -101,000000 0,000000 0,000000
45 1575625541 0,200000 -1,000000 -101,000000 0,000000 0,000000
45 1575625587 0,200000 -1,000000 -101,000000 0,000000 0,000000
45 1575625588 0,200000 -1,000000 -101,000000 0,000000 0,000000
45 1575625589 0,200000 -1,000000 -101,000000 0,000000 0,000000
45 1575625590 0,200000 -1,000000 -101,000000 0,000000 0,000000
45 1575625591 0,200000 -1,000000 -101,000000 0,000000 0,000000
48 1575625532 1,600000 -1,000000 -101,000000 0,000000 0,000000
48 1575625533 1,600000 -1,000000 -101,000000 0,000000 0,000000
48 1575625534 1,600000 -1,000000 -101,000000 0,000000 0,000000
48 1575625535 1,600000 -1,000000 -101,000000 0,000000 0,000000
48 1575625536 1,600000 -1,000000 -101,000000 0,000000 0,000000
48 1575625537 0,200000 -1,000000 -101,000000 0,000000 0,000000
48 1575625538 0,200000 -1,000000 -101,000000 0,000000 0,000000
48 1575625539 0,200000 -1,000000 -101,000000 0,000000 0,000000
48 1575625540 0,200000 -1,000000 -101,000000 0,000000 0,000000
48 1575625541 0,200000 -1,000000 -101,000000 0,000000 0,000000
48 1575625587 0,200000 -1,000000 -101,000000 0,000000 0,000000
48 1575625588 0,200000 -1,000000 -101,000000 0,000000 0,000000
48 1575625589 0,200000 -1,000000 -101,000000 0,000000 0,000000
48 1575625590 0,200000 -1,000000 -101,000000 0,000000 0,000000
48 1575625591 0,200000 -1,000000 -101,000000 0,000000 0,000000
45 1575625652 1,600000 -1,000000 -101,000000 0,000000 0,000000
45 1575625653 1,600000 -1,000000 -101,000000 0,000000 0,000000
45 1575625654 1,600000 -1,000000 -101,000000 0,000000 0,000000
48 1575625652 1,600000 -1,000000 -101,000000 0,000000 0,000000
48 1575625653 1,600000 -1,000000 -101,000000 0,000000 0,000000
48 1575625654 1,600000 -1,000000 -101,000000 0,000000 0,000000
48 1575625716 0,200000 -1,000000 0,200000 0,200000 0,000000
48 1575625715 0,200000 -1,000000 0,200000 0,200000 0,000000
48 1575625714 0,200000 -1,000000 0,200000 0,200000 0,000000
48 1575625713 0,200000 -1,000000 0,200000 0,200000 0,000000
48 1575625712 0,200000 -1,000000 0,200000 0,200000 0,000000
48 1575625661 0,200000 -1,000000 0,200000 0,200000 0,000000
48 1575625660 0,200000 -1,000000 0,200000 0,200000 0,000000
48 1575625659 0,200000 -1,000000 0,200000 0,200000 0,000000
48 1575625658 0,200000 -1,000000 0,200000 0,200000 0,000000
48 1575625657 0,200000 -1,000000 0,200000 0,200000 0,000000
48 1575625656 1,600000 -1,000000 1,600000 1,600000 0,000000
48 1575625655 1,600000 -1,000000 1,600000 1,600000 0,000000
45 1575625716 0,200000 -1,000000 0,200000 0,200000 0,000000
45 1575625715 0,200000 -1,000000 0,200000 0,200000 0,000000
45 1575625714 0,200000 -1,000000 0,200000 0,200000 0,000000
45 1575625713 0,200000 -1,000000 0,200000 0,200000 0,000000
45 1575625712 0,200000 -1,000000 0,200000 0,200000 0,000000
45 1575625661 0,200000 -1,000000 0,200000 0,200000 0,000000
45 1575625660 0,200000 -1,000000 0,200000 0,200000 0,000000
45 1575625659 0,200000 -1,000000 0,200000 0,200000 0,000000
45 1575625658 0,200000 -1,000000 0,200000 0,200000 0,000000
45 1575625657 0,200000 -1,000000 0,200000 0,200000 0,000000
45 1575625656 1,600000 -1,000000 1,600000 1,600000 0,000000
45 1575625655 1,600000 -1,000000 1,600000 1,600000 0,000000
45 1575625655 1,600000 -1,000000 -101,000000 0,000000 0,000000
45 1575625656 1,600000 -1,000000 -101,000000 0,000000 0,000000
45 1575625657 0,200000 -1,000000 -101,000000 0,000000 0,000000
45 1575625658 0,200000 -1,000000 -101,000000 0,000000 0,000000
45 1575625659 0,200000 -1,000000 -101,000000 0,000000 0,000000
45 1575625660 0,200000 -1,000000 -101,000000 0,000000 0,000000
45 1575625661 0,200000 -1,000000 -101,000000 0,000000 0,000000
45 1575625712 0,200000 -1,000000 -101,000000 0,000000 0,000000
45 1575625713 0,200000 -1,000000 -101,000000 0,000000 0,000000
45 1575625714 0,200000 -1,000000 -101,000000 0,000000 0,000000
48 1575625655 1,600000 -1,000000 -101,000000 0,000000 0,000000
48 1575625656 1,600000 -1,000000 -101,000000 0,000000 0,000000
48 1575625657 0,200000 -1,000000 -101,000000 0,000000 0,000000
48 1575625658 0,200000 -1,000000 -101,000000 0,000000 0,000000
48 1575625659 0,200000 -1,000000 -101,000000 0,000000 0,000000
48 1575625660 0,200000 -1,000000 -101,000000 0,000000 0,000000
48 1575625661 0,200000 -1,000000 -101,000000 0,000000 0,000000
48 1575625712 0,200000 -1,000000 -101,000000 0,000000 0,000000
48 1575625713 0,200000 -1,000000 -101,000000 0,000000 0,000000
48 1575625714 0,200000 -1,000000 -101,000000 0,000000 0,000000
45 1575625715 0,200000 -1,000000 -101,000000 0,000000 0,000000
45 1575625716 0,200000 -1,000000 -101,000000 0,000000 0,000000
48 1575625715 0,200000 -1,000000 -101,000000 0,000000 0,000000
48 1575625716 0,200000 -1,000000 -101,000000 0,000000 0,000000
45 1575625772 1,600000 -1,000000 -101,000000 0,000000 0,000000
45 1575625773 1,600000 -1,000000 -101,000000 0,000000 0,000000
45 1575625774 1,600000 -1,000000 -101,000000 0,000000 0,000000
45 1575625775 1,600000 -1,000000 -101,000000 0,000000 0,000000
45 1575625776 1,600000 -1,000000 -101,000000 0,000000 0,000000
45 1575625777 0,200000 -1,000000 -101,000000 0,000000 0,000000
45 1575625778 0,200000 -1,000000 -101,000000 0,000000 0,000000
45 1575625779 0,200000 -1,000000 -101,000000 0,000000 0,000000
45 1575625780 0,200000 -1,000000 -101,000000 0,000000 0,000000
45 1575625781 0,200000 -1,000000 -101,000000 0,000000 0,000000
45 1575625827 0,200000 -1,000000 -101,000000 0,000000 0,000000
45 1575625828 0,200000 -1,000000 -101,000000 0,000000 0,000000
45 1575625829 0,200000 -1,000000 -101,000000 0,000000 0,000000
45 1575625830 0,200000 -1,000000 -101,000000 0,000000 0,000000
45 1575625831 0,200000 -1,000000 -101,000000 0,000000 0,000000
48 1575625772 1,600000 -1,000000 -101,000000 0,000000 0,000000
48 1575625773 1,600000 -1,000000 -101,000000 0,000000 0,000000
48 1575625774 1,600000 -1,000000 -101,000000 0,000000 0,000000
48 1575625775 1,600000 -1,000000 -101,000000 0,000000 0,000000
48 1575625776 1,600000 -1,000000 -101,000000 0,000000 0,000000
48 1575625777 0,200000 -1,000000 -101,000000 0,000000 0,000000
48 1575625778 0,200000 -1,000000 -101,000000 0,000000 0,000000
48 1575625779 0,200000 -1,000000 -101,000000 0,000000 0,000000
48 1575625780 0,200000 -1,000000 -101,000000 0,000000 0,000000
48 1575625781 0,200000 -1,000000 -101,000000 0,000000 0,000000
48 1575625827 0,200000 -1,000000 -101,000000 0,000000 0,000000
48 1575625828 0,200000 -1,000000 -101,000000 0,000000 0,000000
48 1575625829 0,200000 -1,000000 -101,000000 0,000000 0,000000
48 1575625830 0,200000 -1,000000 -101,000000 0,000000 0,000000
48 1575625831 0,200000 -1,000000 -101,000000 0,000000 0,000000
45 1575625892 1,600000 -1,000000 -101,000000 0,000000 0,000000
45 1575625893 1,600000 -1,000000 -101,000000 0,000000 0,000000
45 1575625894 1,600000 -1,000000 -101,000000 0,000000 0,000000
45 1575625895 1,600000 -1,000000 -101,000000 0,000000 0,000000
45 1575625896 1,600000 -1,000000 -101,000000 0,000000 0,000000
45 1575625897 0,200000 -1,000000 -101,000000 0,000000 0,000000
45 1575625898 0,200000 -1,000000 -101,000000 0,000000 0,000000
45 1575625899 0,200000 -1,000000 -101,000000 0,000000 0,000000
45 1575625900 0,200000 -1,000000 -101,000000 0,000000 0,000000
45 1575625901 0,200000 -1,000000 -101,000000 0,000000 0,000000
45 1575625947 0,200000 -1,000000 -101,000000 0,000000 0,000000
45 1575625948 0,200000 -1,000000 -101,000000 0,000000 0,000000
45 1575625949 0,200000 -1,000000 -101,000000 0,000000 0,000000
45 1575625950 0,200000 -1,000000 -101,000000 0,000000 0,000000
45 1575625951 0,200000 -1,000000 -101,000000 0,000000 0,000000
48 1575625892 1,600000 -1,000000 -101,000000 0,000000 0,000000
48 1575625893 1,600000 -1,000000 -101,000000 0,000000 0,000000
48 1575625894 1,600000 -1,000000 -101,000000 0,000000 0,000000
48 1575625895 1,600000 -1,000000 -101,000000 0,000000 0,000000
48 1575625896 1,600000 -1,000000 -101,000000 0,000000 0,000000
48 1575625897 0,200000 -1,000000 -101,000000 0,000000 0,000000
48 1575625898 0,200000 -1,000000 -101,000000 0,000000 0,000000
48 1575625899 0,200000 -1,000000 -101,000000 0,000000 0,000000
48 1575625900 0,200000 -1,000000 -101,000000 0,000000 0,000000
48 1575625901 0,200000 -1,000000 -101,000000 0,000000 0,000000
48 1575625947 0,200000 -1,000000 -101,000000 0,000000 0,000000
48 1575625948 0,200000 -1,000000 -101,000000 0,000000 0,000000
48 1575625949 0,200000 -1,000000 -101,000000 0,000000 0,000000
48 1575625950 0,200000 -1,000000 -101,000000 0,000000 0,000000
48 1575625951 0,200000 -1,000000 -101,000000 0,000000 0,000000
45 1575626012 1,600000 -1,000000 -101,000000 0,000000 0,000000
45 1575626013 1,600000 -1,000000 -101,000000 0,000000 0,000000
45 1575626014 1,600000 -1,000000 -101,000000 0,000000 0,000000
45 1575626015 1,600000 -1,000000 -101,000000 0,000000 0,000000
45 1575626016 1,600000 -1,000000 -101,000000 0,000000 0,000000
45 1575626017 0,200000 -1,000000 -101,000000 0,000000 0,000000
45 1575626018 0,200000 -1,000000 -101,000000 0,000000 0,000000
45 1575626019 0,200000 -1,000000 -101,000000 0,000000 0,000000
45 1575626020 0,200000 -1,000000 -101,000000 0,000000 0,000000
45 1575626021 0,200000 -1,000000 -101,000000 0,000000 0,000000
45 1575626067 0,200000 -1,000000 -101,000000 0,000000 0,000000
45 1575626068 0,200000 -1,000000 -101,000000 0,000000 0,000000
45 1575626069 0,200000 -1,000000 -101,000000 0,000000 0,000000
45 1575626070 0,200000 -1,000000 -101,000000 0,000000 0,000000
45 1575626071 0,200000 -1,000000 -101,000000 0,000000 0,000000
48 1575626012 1,600000 -1,000000 -101,000000 0,000000 0,000000
48 1575626013 1,600000 -1,000000 -101,000000 0,000000 0,000000
48 1575626014 1,600000 -1,000000 -101,000000 0,000000 0,000000
48 1575626015 1,600000 -1,000000 -101,000000 0,000000 0,000000
48 1575626016 1,600000 -1,000000 -101,000000 0,000000 0,000000
48 1575626017 0,200000 -1,000000 -101,000000 0,000000 0,000000
48 1575626018 0,200000 -1,000000 -101,000000 0,000000 0,000000
48 1575626019 0,200000 -1,000000 -101,000000 0,000000 0,000000
48 1575626020 0,200000 -1,000000 -101,000000 0,000000 0,000000
48 1575626021 0,200000 -1,000000 -101,000000 0,000000 0,000000
48 1575626067 0,200000 -1,000000 -101,000000 0,000000 0,000000
48 1575626068 0,200000 -1,000000 -101,000000 0,000000 0,000000
48 1575626069 0,200000 -1,000000 -101,000000 0,000000 0,000000
48 1575626070 0,200000 -1,000000 -101,000000 0,000000 0,000000
48 1575626071 0,200000 -1,000000 -101,000000 0,000000 0,000000
45 1575626132 1,600000 -1,000000 -101,000000 0,000000 0,000000
45 1575626133 1,600000 -1,000000 -101,000000 0,000000 0,000000
45 1575626134 1,600000 -1,000000 -101,000000 0,000000 0,000000
45 1575626135 1,600000 -1,000000 -101,000000 0,000000 0,000000
45 1575626136 1,600000 -1,000000 -101,000000 0,000000 0,000000
45 1575626137 0,200000 -1,000000 -101,000000 0,000000 0,000000
45 1575626138 0,200000 -1,000000 -101,000000 0,000000 0,000000
45 1575626139 0,200000 -1,000000 -101,000000 0,000000 0,000000
45 1575626140 0,200000 -1,000000 -101,000000 0,000000 0,000000
45 1575626141 0,200000 -1,000000 -101,000000 0,000000 0,000000
45 1575626187 0,200000 -1,000000 -101,000000 0,000000 0,000000
45 1575626188 0,200000 -1,000000 -101,000000 0,000000 0,000000
45 1575626189 0,200000 -1,000000 -101,000000 0,000000 0,000000
45 1575626190 0,200000 -1,000000 -101,000000 0,000000 0,000000
45 1575626191 0,200000 -1,000000 -101,000000 0,000000 0,000000
48 1575626132 1,600000 -1,000000 -101,000000 0,000000 0,000000
48 1575626133 1,600000 -1,000000 -101,000000 0,000000 0,000000
48 1575626134 1,600000 -1,000000 -101,000000 0,000000 0,000000
48 1575626135 1,600000 -1,000000 -101,000000 0,000000 0,000000
48 1575626136 1,600000 -1,000000 -101,000000 0,000000 0,000000
48 1575626137 0,200000 -1,000000 -101,000000 0,000000 0,000000
48 1575626138 0,200000 -1,000000 -101,000000 0,000000 0,000000
48 1575626139 0,200000 -1,000000 -101,000000 0,000000 0,000000
48 1575626140 0,200000 -1,000000 -101,000000 0,000000 0,000000
48 1575626141 0,200000 -1,000000 -101,000000 0,000000 0,000000
48 1575626187 0,200000 -1,000000 -101,000000 0,000000 0,000000
48 1575626188 0,200000 -1,000000 -101,000000 0,000000 0,000000
48 1575626189 0,200000 -1,000000 -101,000000 0,000000 0,000000
48 1575626190 0,200000 -1,000000 -101,000000 0,000000 0,000000
48 1575626191 0,200000 -1,000000 -101,000000 0,000000 0,000000
48 1575626311 0,200000 -1,000000 0,200000 0,200000 0,000000
48 1575626310 0,200000 -1,000000 0,200000 0,200000 0,000000
48 1575626309 0,200000 -1,000000 0,200000 0,200000 0,000000
48 1575626308 0,200000 -1,000000 0,200000 0,200000 0,000000
48 1575626307 0,200000 -1,000000 0,200000 0,200000 0,000000
48 1575626261 0,200000 -1,000000 0,200000 0,200000 0,000000
48 1575626260 0,200000 -1,000000 0,200000 0,200000 0,000000
48 1575626259 0,200000 -1,000000 0,200000 0,200000 0,000000
48 1575626258 0,200000 -1,000000 0,200000 0,200000 0,000000
48 1575626257 0,200000 -1,000000 0,200000 0,200000 0,000000
48 1575626256 1,600000 -1,000000 1,600000 1,600000 0,000000
48 1575626255 1,600000 -1,000000 1,600000 1,600000 0,000000
48 1575626254 1,600000 -1,000000 1,600000 1,600000 0,000000
48 1575626253 1,600000 -1,000000 1,600000 1,600000 0,000000
48 1575626252 1,600000 -1,000000 1,600000 1,600000 0,000000
45 1575626311 0,200000 -1,000000 0,200000 0,200000 0,000000
45 1575626310 0,200000 -1,000000 0,200000 0,200000 0,000000
45 1575626309 0,200000 -1,000000 0,200000 0,200000 0,000000
45 1575626308 0,200000 -1,000000 0,200000 0,200000 0,000000
45 1575626307 0,200000 -1,000000 0,200000 0,200000 0,000000
45 1575626261 0,200000 -1,000000 0,200000 0,200000 0,000000
45 1575626260 0,200000 -1,000000 0,200000 0,200000 0,000000
45 1575626259 0,200000 -1,000000 0,200000 0,200000 0,000000
45 1575626258 0,200000 -1,000000 0,200000 0,200000 0,000000
45 1575626257 0,200000 -1,000000 0,200000 0,200000 0,000000
45 1575626256 1,600000 -1,000000 1,600000 1,600000 0,000000
45 1575626255 1,600000 -1,000000 1,600000 1,600000 0,000000
45 1575626254 1,600000 -1,000000 1,600000 1,600000 0,000000
45 1575626253 1,600000 -1,000000 1,600000 1,600000 0,000000
45 1575626252 1,600000 -1,000000 1,600000 1,600000 0,000000
45 1575626252 1,600000 -1,000000 -101,000000 0,000000 0,000000
45 1575626253 1,600000 -1,000000 -101,000000 0,000000 0,000000
45 1575626254 1,600000 -1,000000 -101,000000 0,000000 0,000000
45 1575626255 1,600000 -1,000000 -101,000000 0,000000 0,000000
45 1575626256 1,600000 -1,000000 -101,000000 0,000000 0,000000
45 1575626257 0,200000 -1,000000 -101,000000 0,000000 0,000000
45 1575626258 0,200000 -1,000000 -101,000000 0,000000 0,000000
45 1575626259 0,200000 -1,000000 -101,000000 0,000000 0,000000
45 1575626260 0,200000 -1,000000 -101,000000 0,000000 0,000000
45 1575626261 0,200000 -1,000000 -101,000000 0,000000 0,000000
45 1575626307 0,200000 -1,000000 -101,000000 0,000000 0,000000
45 1575626308 0,200000 -1,000000 -101,000000 0,000000 0,000000
45 1575626309 0,200000 -1,000000 -101,000000 0,000000 0,000000
45 1575626310 0,200000 -1,000000 -101,000000 0,000000 0,000000
45 1575626311 0,200000 -1,000000 -101,000000 0,000000 0,000000
48 1575626252 1,600000 -1,000000 -101,000000 0,000000 0,000000
48 1575626253 1,600000 -1,000000 -101,000000 0,000000 0,000000
48 1575626254 1,600000 -1,000000 -101,000000 0,000000 0,000000
48 1575626255 1,600000 -1,000000 -101,000000 0,000000 0,000000
48 1575626256 1,600000 -1,000000 -101,000000 0,000000 0,000000
48 1575626257 0,200000 -1,000000 -101,000000 0,000000 0,000000
48 1575626258 0,200000 -1,000000 -101,000000 0,000000 0,000000
48 1575626259 0,200000 -1,000000 -101,000000 0,000000 0,000000
48 1575626260 0,200000 -1,000000 -101,000000 0,000000 0,000000
48 1575626261 0,200000 -1,000000 -101,000000 0,000000 0,000000
48 1575626307 0,200000 -1,000000 -101,000000 0,000000 0,000000
48 1575626308 0,200000 -1,000000 -101,000000 0,000000 0,000000
48 1575626309 0,200000 -1,000000 -101,000000 0,000000 0,000000
48 1575626310 0,200000 -1,000000 -101,000000 0,000000 0,000000
48 1575626311 0,200000 -1,000000 -101,000000 0,000000 0,000000
45 1575626372 1,600000 -1,000000 -101,000000 0,000000 0,000000
45 1575626373 1,600000 -1,000000 -101,000000 0,000000 0,000000
45 1575626374 1,600000 -1,000000 -101,000000 0,000000 0,000000
48 1575626372 1,600000 -1,000000 -101,000000 0,000000 0,000000
48 1575626373 1,600000 -1,000000 -101,000000 0,000000 0,000000
48 1575626374 1,600000 -1,000000 -101,000000 0,000000 0,000000
45 1575626375 1,600000 -1,000000 -101,000000 0,000000 0,000000
45 1575626376 1,600000 -1,000000 -101,000000 0,000000 0,000000
45 1575626377 0,200000 -1,000000 -101,000000 0,000000 0,000000
45 1575626378 0,200000 -1,000000 -101,000000 0,000000 0,000000
45 1575626379 0,200000 -1,000000 -101,000000 0,000000 0,000000
45 1575626380 0,200000 -1,000000 -101,000000 0,000000 0,000000
45 1575626381 0,200000 -1,000000 -101,000000 0,000000 0,000000
45 1575626432 0,200000 -1,000000 -101,000000 0,000000 0,000000
45 1575626433 0,200000 -1,000000 -101,000000 0,000000 0,000000
45 1575626434 0,200000 -1,000000 -101,000000 0,000000 0,000000
48 1575626375 1,600000 -1,000000 -101,000000 0,000000 0,000000
48 1575626376 1,600000 -1,000000 -101,000000 0,000000 0,000000
48 1575626377 0,200000 -1,000000 -101,000000 0,000000 0,000000
48 1575626378 0,200000 -1,000000 -101,000000 0,000000 0,000000
48 1575626379 0,200000 -1,000000 -101,000000 0,000000 0,000000
48 1575626380 0,200000 -1,000000 -101,000000 0,000000 0,000000
48 1575626381 0,200000 -1,000000 -101,000000 0,000000 0,000000
48 1575626432 0,200000 -1,000000 -101,000000 0,000000 0,000000
48 1575626433 0,200000 -1,000000 -101,000000 0,000000 0,000000
48 1575626434 0,200000 -1,000000 -101,000000 0,000000 0,000000
45 1575626435 0,200000 -1,000000 -101,000000 0,000000 0,000000
45 1575626436 0,200000 -1,000000 -101,000000 0,000000 0,000000
48 1575626435 0,200000 -1,000000 -101,000000 0,000000 0,000000
48 1575626436 0,200000 -1,000000 -101,000000 0,000000 0,000000
45 1575626492 1,600000 -1,000000 -101,000000 0,000000 0,000000
45 1575626493 1,600000 -1,000000 -101,000000 0,000000 0,000000
45 1575626494 1,600000 -1,000000 -101,000000 0,000000 0,000000
45 1575626495 1,600000 -1,000000 -101,000000 0,000000 0,000000
45 1575626496 1,600000 -1,000000 -101,000000 0,000000 0,000000
45 1575626497 0,200000 -1,000000 -101,000000 0,000000 0,000000
45 1575626498 0,200000 -1,000000 -101,000000 0,000000 0,000000
45 1575626499 0,200000 -1,000000 -101,000000 0,000000 0,000000
45 1575626500 0,200000 -1,000000 -101,000000 0,000000 0,000000
45 1575626501 0,200000 -1,000000 -101,000000 0,000000 0,000000
45 1575626547 0,200000 -1,000000 -101,000000 0,000000 0,000000
45 1575626548 0,200000 -1,000000 -101,000000 0,000000 0,000000
45 1575626549 0,200000 -1,000000 -101,000000 0,000000 0,000000
45 1575626550 0,200000 -1,000000 -101,000000 0,000000 0,000000
45 1575626551 0,200000 -1,000000 -101,000000 0,000000 0,000000
48 1575626492 1,600000 -1,000000 -101,000000 0,000000 0,000000
48 1575626493 1,600000 -1,000000 -101,000000 0,000000 0,000000
48 1575626494 1,600000 -1,000000 -101,000000 0,000000 0,000000
48 1575626495 1,600000 -1,000000 -101,000000 0,000000 0,000000
48 1575626496 1,600000 -1,000000 -101,000000 0,000000 0,000000
48 1575626497 0,200000 -1,000000 -101,000000 0,000000 0,000000
48 1575626498 0,200000 -1,000000 -101,000000 0,000000 0,000000
48 1575626499 0,200000 -1,000000 -101,000000 0,000000 0,000000
48 1575626500 0,200000 -1,000000 -101,000000 0,000000 0,000000
48 1575626501 0,200000 -1,000000 -101,000000 0,000000 0,000000
48 1575626547 0,200000 -1,000000 -101,000000 0,000000 0,000000
48 1575626548 0,200000 -1,000000 -101,000000 0,000000 0,000000
48 1575626549 0,200000 -1,000000 -101,000000 0,000000 0,000000
48 1575626550 0,200000 -1,000000 -101,000000 0,000000 0,000000
48 1575626551 0,200000 -1,000000 -101,000000 0,000000 0,000000
45 1575626612 1,600000 -1,000000 -101,000000 0,000000 0,000000
45 1575626613 1,600000 -1,000000 -101,000000 0,000000 0,000000
45 1575626614 1,600000 -1,000000 -101,000000 0,000000 0,000000
45 1575626615 1,600000 -1,000000 -101,000000 0,000000 0,000000
45 1575626616 1,600000 -1,000000 -101,000000 0,000000 0,000000
45 1575626617 0,200000 -1,000000 -101,000000 0,000000 0,000000
45 1575626618 0,200000 -1,000000 -101,000000 0,000000 0,000000
45 1575626619 0,200000 -1,000000 -101,000000 0,000000 0,000000
45 1575626620 0,200000 -1,000000 -101,000000 0,000000 0,000000
45 1575626621 0,200000 -1,000000 -101,000000 0,000000 0,000000
45 1575626667 0,200000 -1,000000 -101,000000 0,000000 0,000000
45 1575626668 0,200000 -1,000000 -101,000000 0,000000 0,000000
45 1575626669 0,200000 -1,000000 -101,000000 0,000000 0,000000
45 1575626670 0,200000 -1,000000 -101,000000 0,000000 0,000000
45 1575626671 0,200000 -1,000000 -101,000000 0,000000 0,000000
48 1575626612 1,600000 -1,000000 -101,000000 0,000000 0,000000
48 1575626613 1,600000 -1,000000 -101,000000 0,000000 0,000000
48 1575626614 1,600000 -1,000000 -101,000000 0,000000 0,000000
48 1575626615 1,600000 -1,000000 -101,000000 0,000000 0,000000
48 1575626616 1,600000 -1,000000 -101,000000 0,000000 0,000000
48 1575626617 0,200000 -1,000000 -101,000000 0,000000 0,000000
48 1575626618 0,200000 -1,000000 -101,000000 0,000000 0,000000
48 1575626619 0,200000 -1,000000 -101,000000 0,000000 0,000000
48 1575626620 0,200000 -1,000000 -101,000000 0,000000 0,000000
48 1575626621 0,200000 -1,000000 -101,000000 0,000000 0,000000
48 1575626627 0,200000 -1,000000 -101,000000 0,000000 0,000000
48 1575626628 0,200000 -1,000000 -101,000000 0,000000 0,000000
48 1575626629 0,200000 -1,000000 -101,000000 0,000000 0,000000
48 1575626630 0,200000 -1,000000 -101,000000 0,000000 0,000000
48 1575626631 0,200000 -1,000000 -101,000000 0,000000 0,000000
48 1575626667 0,200000 -1,000000 -101,000000 0,000000 0,000000
48 1575626668 0,200000 -1,000000 -101,000000 0,000000 0,000000
48 1575626669 0,200000 -1,000000 -101,000000 0,000000 0,000000
48 1575626670 0,200000 -1,000000 -101,000000 0,000000 0,000000
48 1575626671 0,200000 -1,000000 -101,000000 0,000000 0,000000
45 1575626732 1,600000 -1,000000 -101,000000 0,000000 0,000000
45 1575626733 1,600000 -1,000000 -101,000000 0,000000 0,000000
45 1575626734 1,600000 -1,000000 -101,000000 0,000000 0,000000
45 1575626735 1,600000 -1,000000 -101,000000 0,000000 0,000000
45 1575626736 1,600000 -1,000000 -101,000000 0,000000 0,000000
45 1575626737 0,200000 -1,000000 -101,000000 0,000000 0,000000
45 1575626738 0,200000 -1,000000 -101,000000 0,000000 0,000000
45 1575626739 0,200000 -1,000000 -101,000000 0,000000 0,000000
45 1575626740 0,200000 -1,000000 -101,000000 0,000000 0,000000
45 1575626741 0,200000 -1,000000 -101,000000 0,000000 0,000000
45 1575626787 0,200000 -1,000000 -101,000000 0,000000 0,000000
45 1575626788 0,200000 -1,000000 -101,000000 0,000000 0,000000
45 1575626789 0,200000 -1,000000 -101,000000 0,000000 0,000000
45 1575626790 0,200000 -1,000000 -101,000000 0,000000 0,000000
45 1575626791 0,200000 -1,000000 -101,000000 0,000000 0,000000
48 1575626732 1,400000 -1,000000 -101,000000 0,000000 0,000000
48 1575626733 1,400000 -1,000000 -101,000000 0,000000 0,000000
48 1575626734 1,400000 -1,000000 -101,000000 0,000000 0,000000
48 1575626735 1,400000 -1,000000 -101,000000 0,000000 0,000000
48 1575626736 1,400000 -1,000000 -101,000000 0,000000 0,000000
48 1575626737 0,200000 -1,000000 -101,000000 0,000000 0,000000
48 1575626738 0,200000 -1,000000 -101,000000 0,000000 0,000000
48 1575626739 0,200000 -1,000000 -101,000000 0,000000 0,000000
48 1575626740 0,200000 -1,000000 -101,000000 0,000000 0,000000
48 1575626741 0,200000 -1,000000 -101,000000 0,000000 0,000000
48 1575626787 0,200000 -1,000000 -101,000000 0,000000 0,000000
48 1575626788 0,200000 -1,000000 -101,000000 0,000000 0,000000
48 1575626789 0,200000 -1,000000 -101,000000 0,000000 0,000000
48 1575626790 0,200000 -1,000000 -101,000000 0,000000 0,000000
48 1575626791 0,200000 -1,000000 -101,000000 0,000000 0,000000
48 1575626911 0,200000 -1,000000 0,200000 0,200000 0,000000
48 1575626910 0,200000 -1,000000 0,200000 0,200000 0,000000
48 1575626909 0,200000 -1,000000 0,200000 0,200000 0,000000
48 1575626908 0,200000 -1,000000 0,200000 0,200000 0,000000
48 1575626907 0,200000 -1,000000 0,200000 0,200000 0,000000
48 1575626871 0,200000 -1,000000 0,200000 0,200000 0,000000
48 1575626870 0,200000 -1,000000 0,200000 0,200000 0,000000
48 1575626869 0,200000 -1,000000 0,200000 0,200000 0,000000
48 1575626868 0,200000 -1,000000 0,200000 0,200000 0,000000
48 1575626867 0,200000 -1,000000 0,200000 0,200000 0,000000
48 1575626861 0,200000 -1,000000 0,200000 0,200000 0,000000
48 1575626860 0,200000 -1,000000 0,200000 0,200000 0,000000
48 1575626859 0,200000 -1,000000 0,200000 0,200000 0,000000
48 1575626858 0,200000 -1,000000 0,200000 0,200000 0,000000
48 1575626857 0,200000 -1,000000 0,200000 0,200000 0,000000
48 1575626856 1,600000 -1,000000 1,600000 1,600000 0,000000
48 1575626855 1,600000 -1,000000 1,600000 1,600000 0,000000
48 1575626854 1,600000 -1,000000 1,600000 1,600000 0,000000
48 1575626853 1,600000 -1,000000 1,600000 1,600000 0,000000
48 1575626852 1,600000 -1,000000 1,600000 1,600000 0,000000
45 1575626911 0,200000 -1,000000 0,200000 0,200000 0,000000
45 1575626910 0,200000 -1,000000 0,200000 0,200000 0,000000
45 1575626909 0,200000 -1,000000 0,200000 0,200000 0,000000
45 1575626908 0,200000 -1,000000 0,200000 0,200000 0,000000
45 1575626907 0,200000 -1,000000 0,200000 0,200000 0,000000
45 1575626861 0,200000 -1,000000 0,200000 0,200000 0,000000
45 1575626860 0,200000 -1,000000 0,200000 0,200000 0,000000
45 1575626859 0,200000 -1,000000 0,200000 0,200000 0,000000
45 1575626858 0,200000 -1,000000 0,200000 0,200000 0,000000
45 1575626857 0,200000 -1,000000 0,200000 0,200000 0,000000
45 1575626856 1,600000 -1,000000 1,600000 1,600000 0,000000
45 1575626855 1,600000 -1,000000 1,600000 1,600000 0,000000
45 1575626854 1,600000 -1,000000 1,600000 1,600000 0,000000
45 1575626853 1,600000 -1,000000 1,600000 1,600000 0,000000
45 1575626852 1,600000 -1,000000 1,600000 1,600000 0,000000
45 1575626852 1,600000 -1,000000 -101,000000 0,000000 0,000000
45 1575626853 1,600000 -1,000000 -101,000000 0,000000 0,000000
45 1575626854 1,600000 -1,000000 -101,000000 0,000000 0,000000
45 1575626855 1,600000 -1,000000 -101,000000 0,000000 0,000000
45 1575626856 1,600000 -1,000000 -101,000000 0,000000 0,000000
45 1575626857 0,200000 -1,000000 -101,000000 0,000000 0,000000
45 1575626858 0,200000 -1,000000 -101,000000 0,000000 0,000000
45 1575626859 0,200000 -1,000000 -101,000000 0,000000 0,000000
45 1575626860 0,200000 -1,000000 -101,000000 0,000000 0,000000
45 1575626861 0,200000 -1,000000 -101,000000 0,000000 0,000000
45 1575626907 0,200000 -1,000000 -101,000000 0,000000 0,000000
45 1575626908 0,200000 -1,000000 -101,000000 0,000000 0,000000
45 1575626909 0,200000 -1,000000 -101,000000 0,000000 0,000000
45 1575626910 0,200000 -1,000000 -101,000000 0,000000 0,000000
45 1575626911 0,200000 -1,000000 -101,000000 0,000000 0,000000
48 1575626852 1,600000 -1,000000 -101,000000 0,000000 0,000000
48 1575626853 1,600000 -1,000000 -101,000000 0,000000 0,000000
48 1575626854 1,600000 -1,000000 -101,000000 0,000000 0,000000
48 1575626855 1,600000 -1,000000 -101,000000 0,000000 0,000000
48 1575626856 1,600000 -1,000000 -101,000000 0,000000 0,000000
48 1575626857 0,200000 -1,000000 -101,000000 0,000000 0,000000
48 1575626858 0,200000 -1,000000 -101,000000 0,000000 0,000000
48 1575626859 0,200000 -1,000000 -101,000000 0,000000 0,000000
48 1575626860 0,200000 -1,000000 -101,000000 0,000000 0,000000
48 1575626861 0,200000 -1,000000 -101,000000 0,000000 0,000000
48 1575626867 0,200000 -1,000000 -101,000000 0,000000 0,000000
48 1575626868 0,200000 -1,000000 -101,000000 0,000000 0,000000
48 1575626869 0,200000 -1,000000 -101,000000 0,000000 0,000000
48 1575626870 0,200000 -1,000000 -101,000000 0,000000 0,000000
48 1575626871 0,200000 -1,000000 -101,000000 0,000000 0,000000
48 1575626907 0,200000 -1,000000 -101,000000 0,000000 0,000000
48 1575626908 0,200000 -1,000000 -101,000000 0,000000 0,000000
48 1575626909 0,200000 -1,000000 -101,000000 0,000000 0,000000
48 1575626910 0,200000 -1,000000 -101,000000 0,000000 0,000000
48 1575626911 0,200000 -1,000000 -101,000000 0,000000 0,000000
45 1575626972 1,600000 -1,000000 -101,000000 0,000000 0,000000
45 1575626973 1,600000 -1,000000 -101,000000 0,000000 0,000000
45 1575626974 1,600000 -1,000000 -101,000000 0,000000 0,000000
48 1575626972 1,400000 -1,000000 -101,000000 0,000000 0,000000
48 1575626973 1,400000 -1,000000 -101,000000 0,000000 0,000000
48 1575626974 1,400000 -1,000000 -101,000000 0,000000 0,000000
45 1575626975 1,600000 -1,000000 -101,000000 0,000000 0,000000
45 1575626976 1,600000 -1,000000 -101,000000 0,000000 0,000000
45 1575626977 0,200000 -1,000000 -101,000000 0,000000 0,000000
45 1575626978 0,200000 -1,000000 -101,000000 0,000000 0,000000
45 1575626979 0,200000 -1,000000 -101,000000 0,000000 0,000000
45 1575626980 0,200000 -1,000000 -101,000000 0,000000 0,000000
45 1575626981 0,200000 -1,000000 -101,000000 0,000000 0,000000
45 1575627032 0,200000 -1,000000 -101,000000 0,000000 0,000000
45 1575627033 0,200000 -1,000000 -101,000000 0,000000 0,000000
45 1575627034 0,200000 -1,000000 -101,000000 0,000000 0,000000
48 1575626975 1,400000 -1,000000 -101,000000 0,000000 0,000000
48 1575626976 1,400000 -1,000000 -101,000000 0,000000 0,000000
48 1575626977 0,200000 -1,000000 -101,000000 0,000000 0,000000
48 1575626978 0,200000 -1,000000 -101,000000 0,000000 0,000000
48 1575626979 0,200000 -1,000000 -101,000000 0,000000 0,000000
48 1575626980 0,200000 -1,000000 -101,000000 0,000000 0,000000
48 1575626981 0,200000 -1,000000 -101,000000 0,000000 0,000000
48 1575627032 0,200000 -1,000000 -101,000000 0,000000 0,000000
48 1575627033 0,200000 -1,000000 -101,000000 0,000000 0,000000
48 1575627034 0,200000 -1,000000 -101,000000 0,000000 0,000000
45 1575627035 0,200000 -1,000000 -101,000000 0,000000 0,000000
45 1575627036 0,200000 -1,000000 -101,000000 0,000000 0,000000
48 1575627035 0,200000 -1,000000 -101,000000 0,000000 0,000000
48 1575627036 0,200000 -1,000000 -101,000000 0,000000 0,000000
45 1575627092 1,600000 -1,000000 -101,000000 0,000000 0,000000
45 1575627093 1,600000 -1,000000 -101,000000 0,000000 0,000000
45 1575627094 1,600000 -1,000000 -101,000000 0,000000 0,000000
45 1575627095 1,600000 -1,000000 -101,000000 0,000000 0,000000
45 1575627096 1,600000 -1,000000 -101,000000 0,000000 0,000000
45 1575627097 0,200000 -1,000000 -101,000000 0,000000 0,000000
45 1575627098 0,200000 -1,000000 -101,000000 0,000000 0,000000
45 1575627099 0,200000 -1,000000 -101,000000 0,000000 0,000000
45 1575627100 0,200000 -1,000000 -101,000000 0,000000 0,000000
45 1575627101 0,200000 -1,000000 -101,000000 0,000000 0,000000
45 1575627147 0,200000 -1,000000 -101,000000 0,000000 0,000000
45 1575627148 0,200000 -1,000000 -101,000000 0,000000 0,000000
45 1575627149 0,200000 -1,000000 -101,000000 0,000000 0,000000
45 1575627150 0,200000 -1,000000 -101,000000 0,000000 0,000000
45 1575627151 0,200000 -1,000000 -101,000000 0,000000 0,000000
48 1575627092 1,600000 -1,000000 -101,000000 0,000000 0,000000
48 1575627093 1,600000 -1,000000 -101,000000 0,000000 0,000000
48 1575627094 1,600000 -1,000000 -101,000000 0,000000 0,000000
48 1575627095 1,600000 -1,000000 -101,000000 0,000000 0,000000
48 1575627096 1,600000 -1,000000 -101,000000 0,000000 0,000000
48 1575627097 0,200000 -1,000000 -101,000000 0,000000 0,000000
48 1575627098 0,200000 -1,000000 -101,000000 0,000000 0,000000
48 1575627099 0,200000 -1,000000 -101,000000 0,000000 0,000000
48 1575627100 0,200000 -1,000000 -101,000000 0,000000 0,000000
48 1575627101 0,200000 -1,000000 -101,000000 0,000000 0,000000
48 1575627147 0,200000 -1,000000 -101,000000 0,000000 0,000000
48 1575627148 0,200000 -1,000000 -101,000000 0,000000 0,000000
48 1575627149 0,200000 -1,000000 -101,000000 0,000000 0,000000
48 1575627150 0,200000 -1,000000 -101,000000 0,000000 0,000000
48 1575627151 0,200000 -1,000000 -101,000000 0,000000 0,000000
45 1575627212 1,600000 -1,000000 -101,000000 0,000000 0,000000
45 1575627213 1,600000 -1,000000 -101,000000 0,000000 0,000000
45 1575627214 1,600000 -1,000000 -101,000000 0,000000 0,000000
45 1575627215 1,600000 -1,000000 -101,000000 0,000000 0,000000
45 1575627216 1,600000 -1,000000 -101,000000 0,000000 0,000000
45 1575627217 0,200000 -1,000000 -101,000000 0,000000 0,000000
45 1575627218 0,200000 -1,000000 -101,000000 0,000000 0,000000
45 1575627219 0,200000 -1,000000 -101,000000 0,000000 0,000000
45 1575627220 0,200000 -1,000000 -101,000000 0,000000 0,000000
45 1575627221 0,200000 -1,000000 -101,000000 0,000000 0,000000
45 1575627267 0,200000 -1,000000 -101,000000 0,000000 0,000000
45 1575627268 0,200000 -1,000000 -101,000000 0,000000 0,000000
45 1575627269 0,200000 -1,000000 -101,000000 0,000000 0,000000
45 1575627270 0,200000 -1,000000 -101,000000 0,000000 0,000000
45 1575627271 0,200000 -1,000000 -101,000000 0,000000 0,000000
48 1575627212 1,600000 -1,000000 -101,000000 0,000000 0,000000
48 1575627213 1,600000 -1,000000 -101,000000 0,000000 0,000000
48 1575627214 1,600000 -1,000000 -101,000000 0,000000 0,000000
48 1575627215 1,600000 -1,000000 -101,000000 0,000000 0,000000
48 1575627216 1,600000 -1,000000 -101,000000 0,000000 0,000000
48 1575627217 0,200000 -1,000000 -101,000000 0,000000 0,000000
48 1575627218 0,200000 -1,000000 -101,000000 0,000000 0,000000
48 1575627219 0,200000 -1,000000 -101,000000 0,000000 0,000000
48 1575627220 0,200000 -1,000000 -101,000000 0,000000 0,000000
48 1575627221 0,200000 -1,000000 -101,000000 0,000000 0,000000
48 1575627267 0,200000 -1,000000 -101,000000 0,000000 0,000000
48 1575627268 0,200000 -1,000000 -101,000000 0,000000 0,000000
48 1575627269 0,200000 -1,000000 -101,000000 0,000000 0,000000
48 1575627270 0,200000 -1,000000 -101,000000 0,000000 0,000000
48 1575627271 0,200000 -1,000000 -101,000000 0,000000 0,000000
45 1575627332 1,600000 -1,000000 -101,000000 0,000000 0,000000
45 1575627333 1,600000 -1,000000 -101,000000 0,000000 0,000000
45 1575627334 1,600000 -1,000000 -101,000000 0,000000 0,000000
48 1575627332 1,600000 -1,000000 -101,000000 0,000000 0,000000
48 1575627333 1,600000 -1,000000 -101,000000 0,000000 0,000000
48 1575627334 1,600000 -1,000000 -101,000000 0,000000 0,000000
45 1575627335 1,600000 -1,000000 -101,000000 0,000000 0,000000
45 1575627336 1,600000 -1,000000 -101,000000 0,000000 0,000000
45 1575627337 0,200000 -1,000000 -101,000000 0,000000 0,000000
45 1575627338 0,200000 -1,000000 -101,000000 0,000000 0,000000
45 1575627339 0,200000 -1,000000 -101,000000 0,000000 0,000000
45 1575627340 0,200000 -1,000000 -101,000000 0,000000 0,000000
45 1575627341 0,200000 -1,000000 -101,000000 0,000000 0,000000
45 1575627392 0,200000 -1,000000 -101,000000 0,000000 0,000000
45 1575627393 0,200000 -1,000000 -101,000000 0,000000 0,000000
45 1575627394 0,200000 -1,000000 -101,000000 0,000000 0,000000
48 1575627335 1,600000 -1,000000 -101,000000 0,000000 0,000000
48 1575627336 1,600000 -1,000000 -101,000000 0,000000 0,000000
48 1575627337 0,200000 -1,000000 -101,000000 0,000000 0,000000
48 1575627338 0,200000 -1,000000 -101,000000 0,000000 0,000000
48 1575627339 0,200000 -1,000000 -101,000000 0,000000 0,000000
48 1575627340 0,200000 -1,000000 -101,000000 0,000000 0,000000
48 1575627341 0,200000 -1,000000 -101,000000 0,000000 0,000000
48 1575627392 0,200000 -1,000000 -101,000000 0,000000 0,000000
48 1575627393 0,200000 -1,000000 -101,000000 0,000000 0,000000
48 1575627394 0,200000 -1,000000 -101,000000 0,000000 0,000000
45 1575627395 0,200000 -1,000000 -101,000000 0,000000 0,000000
45 1575627396 0,200000 -1,000000 -101,000000 0,000000 0,000000
48 1575627395 0,200000 -1,000000 -101,000000 0,000000 0,000000
48 1575627396 0,200000 -1,000000 -101,000000 0,000000 0,000000
45 1575627452 1,600000 -1,000000 -101,000000 0,000000 0,000000
45 1575627453 1,600000 -1,000000 -101,000000 0,000000 0,000000
45 1575627454 1,600000 -1,000000 -101,000000 0,000000 0,000000
48 1575627452 1,600000 -1,000000 -101,000000 0,000000 0,000000
48 1575627453 1,600000 -1,000000 -101,000000 0,000000 0,000000
48 1575627454 1,600000 -1,000000 -101,000000 0,000000 0,000000
48 1575627516 0,200000 -1,000000 0,200000 0,200000 0,000000
48 1575627515 0,200000 -1,000000 0,200000 0,200000 0,000000
48 1575627514 0,200000 -1,000000 0,200000 0,200000 0,000000
48 1575627513 0,200000 -1,000000 0,200000 0,200000 0,000000
48 1575627512 0,200000 -1,000000 0,200000 0,200000 0,000000
48 1575627461 0,200000 -1,000000 0,200000 0,200000 0,000000
48 1575627460 0,200000 -1,000000 0,200000 0,200000 0,000000
48 1575627459 0,200000 -1,000000 0,200000 0,200000 0,000000
48 1575627458 0,200000 -1,000000 0,200000 0,200000 0,000000
48 1575627457 0,200000 -1,000000 0,200000 0,200000 0,000000
48 1575627456 1,600000 -1,000000 1,600000 1,600000 0,000000
48 1575627455 1,600000 -1,000000 1,600000 1,600000 0,000000
45 1575627516 0,200000 -1,000000 0,200000 0,200000 0,000000
45 1575627515 0,200000 -1,000000 0,200000 0,200000 0,000000
45 1575627514 0,200000 -1,000000 0,200000 0,200000 0,000000
45 1575627513 0,200000 -1,000000 0,200000 0,200000 0,000000
45 1575627512 0,200000 -1,000000 0,200000 0,200000 0,000000
45 1575627461 0,200000 -1,000000 0,200000 0,200000 0,000000
45 1575627460 0,200000 -1,000000 0,200000 0,200000 0,000000
45 1575627459 0,200000 -1,000000 0,200000 0,200000 0,000000
45 1575627458 0,200000 -1,000000 0,200000 0,200000 0,000000
45 1575627457 0,200000 -1,000000 0,200000 0,200000 0,000000
45 1575627456 1,600000 -1,000000 1,600000 1,600000 0,000000
45 1575627455 1,600000 -1,000000 1,600000 1,600000 0,000000
45 1575627455 1,600000 -1,000000 -101,000000 0,000000 0,000000
45 1575627456 1,600000 -1,000000 -101,000000 0,000000 0,000000
45 1575627457 0,200000 -1,000000 -101,000000 0,000000 0,000000
45 1575627458 0,200000 -1,000000 -101,000000 0,000000 0,000000
45 1575627459 0,200000 -1,000000 -101,000000 0,000000 0,000000
45 1575627460 0,200000 -1,000000 -101,000000 0,000000 0,000000
45 1575627461 0,200000 -1,000000 -101,000000 0,000000 0,000000
45 1575627512 0,200000 -1,000000 -101,000000 0,000000 0,000000
45 1575627513 0,200000 -1,000000 -101,000000 0,000000 0,000000
45 1575627514 0,200000 -1,000000 -101,000000 0,000000 0,000000
48 1575627455 1,600000 -1,000000 -101,000000 0,000000 0,000000
48 1575627456 1,600000 -1,000000 -101,000000 0,000000 0,000000
48 1575627457 0,200000 -1,000000 -101,000000 0,000000 0,000000
48 1575627458 0,200000 -1,000000 -101,000000 0,000000 0,000000
48 1575627459 0,200000 -1,000000 -101,000000 0,000000 0,000000
48 1575627460 0,200000 -1,000000 -101,000000 0,000000 0,000000
48 1575627461 0,200000 -1,000000 -101,000000 0,000000 0,000000
48 1575627512 0,200000 -1,000000 -101,000000 0,000000 0,000000
48 1575627513 0,200000 -1,000000 -101,000000 0,000000 0,000000
48 1575627514 0,200000 -1,000000 -101,000000 0,000000 0,000000
45 1575627515 0,200000 -1,000000 -101,000000 0,000000 0,000000
45 1575627516 0,200000 -1,000000 -101,000000 0,000000 0,000000
48 1575627515 0,200000 -1,000000 -101,000000 0,000000 0,000000
48 1575627516 0,200000 -1,000000 -101,000000 0,000000 0,000000
45 1575627572 1,600000 -1,000000 -101,000000 0,000000 0,000000
45 1575627573 1,600000 -1,000000 -101,000000 0,000000 0,000000
45 1575627574 1,600000 -1,000000 -101,000000 0,000000 0,000000
48 1575627572 1,600000 -1,000000 -101,000000 0,000000 0,000000
48 1575627573 1,600000 -1,000000 -101,000000 0,000000 0,000000
48 1575627574 1,600000 -1,000000 -101,000000 0,000000 0,000000
45 1575627575 1,600000 -1,000000 -101,000000 0,000000 0,000000
45 1575627576 1,600000 -1,000000 -101,000000 0,000000 0,000000
45 1575627577 0,200000 -1,000000 -101,000000 0,000000 0,000000
45 1575627578 0,200000 -1,000000 -101,000000 0,000000 0,000000
45 1575627579 0,200000 -1,000000 -101,000000 0,000000 0,000000
45 1575627580 0,200000 -1,000000 -101,000000 0,000000 0,000000
45 1575627581 0,200000 -1,000000 -101,000000 0,000000 0,000000
45 1575627632 0,200000 -1,000000 -101,000000 0,000000 0,000000
45 1575627633 0,200000 -1,000000 -101,000000 0,000000 0,000000
45 1575627634 0,200000 -1,000000 -101,000000 0,000000 0,000000
48 1575627575 1,600000 -1,000000 -101,000000 0,000000 0,000000
48 1575627576 1,600000 -1,000000 -101,000000 0,000000 0,000000
48 1575627577 0,200000 -1,000000 -101,000000 0,000000 0,000000
48 1575627578 0,200000 -1,000000 -101,000000 0,000000 0,000000
48 1575627579 0,200000 -1,000000 -101,000000 0,000000 0,000000
48 1575627580 0,200000 -1,000000 -101,000000 0,000000 0,000000
48 1575627581 0,200000 -1,000000 -101,000000 0,000000 0,000000
48 1575627632 0,200000 -1,000000 -101,000000 0,000000 0,000000
48 1575627633 0,200000 -1,000000 -101,000000 0,000000 0,000000
48 1575627634 0,200000 -1,000000 -101,000000 0,000000 0,000000
45 1575627635 0,200000 -1,000000 -101,000000 0,000000 0,000000
45 1575627636 0,200000 -1,000000 -101,000000 0,000000 0,000000
48 1575627635 0,200000 -1,000000 -101,000000 0,000000 0,000000
48 1575627636 0,200000 -1,000000 -101,000000 0,000000 0,000000
48 1575627751 1,400000 -1,000000 1,400000 1,400000 0,000000
48 1575627750 1,400000 -1,000000 1,400000 1,400000 0,000000
48 1575627749 1,400000 -1,000000 1,400000 1,400000 0,000000
48 1575627748 1,400000 -1,000000 1,400000 1,400000 0,000000
48 1575627747 1,400000 -1,000000 1,400000 1,400000 0,000000
48 1575627701 0,200000 -1,000000 0,200000 0,200000 0,000000
48 1575627700 0,200000 -1,000000 0,200000 0,200000 0,000000
48 1575627699 0,200000 -1,000000 0,200000 0,200000 0,000000
48 1575627698 0,200000 -1,000000 0,200000 0,200000 0,000000
48 1575627697 0,200000 -1,000000 0,200000 0,200000 0,000000
48 1575627696 1,600000 -1,000000 1,600000 1,600000 0,000000
48 1575627695 1,600000 -1,000000 1,600000 1,600000 0,000000
48 1575627694 1,600000 -1,000000 1,600000 1,600000 0,000000
48 1575627693 1,600000 -1,000000 1,600000 1,600000 0,000000
48 1575627692 1,600000 -1,000000 1,600000 1,600000 0,000000
45 1575627751 0,200000 -1,000000 0,200000 0,200000 0,000000
45 1575627750 0,200000 -1,000000 0,200000 0,200000 0,000000
45 1575627749 0,200000 -1,000000 0,200000 0,200000 0,000000
45 1575627748 0,200000 -1,000000 0,200000 0,200000 0,000000
45 1575627747 0,200000 -1,000000 0,200000 0,200000 0,000000
45 1575627701 0,200000 -1,000000 0,200000 0,200000 0,000000
45 1575627700 0,200000 -1,000000 0,200000 0,200000 0,000000
45 1575627699 0,200000 -1,000000 0,200000 0,200000 0,000000
45 1575627698 0,200000 -1,000000 0,200000 0,200000 0,000000
45 1575627697 0,200000 -1,000000 0,200000 0,200000 0,000000
45 1575627696 1,600000 -1,000000 1,600000 1,600000 0,000000
45 1575627695 1,600000 -1,000000 1,600000 1,600000 0,000000
45 1575627694 1,600000 -1,000000 1,600000 1,600000 0,000000
45 1575627693 1,600000 -1,000000 1,600000 1,600000 0,000000
45 1575627692 1,600000 -1,000000 1,600000 1,600000 0,000000
